data_raw/lake_dem_2023.asc
ncols         47
nrows         53
xllcorner     1987.5
yllcorner     9987.5
cellsize      25.0
NODATA_value  -9999
[rows 0 to 27 of 53, columns 0 to 46 of 47]
2515.800000 2515.790000 2517.230000 2519.280000 2520.020000 2522.020000 2524.270000 2525.530000 2527.610000 2530.210000 2532.290000 2534.280000 2537.600000 2538.980000 2534.030000 2536.290000 2547.180000 2554.730000 2555.090000 2561.110000 2566.570000 2557.360000 2552.510000 2551.730000 2553.970000 2557.110000 2553.780000 2563.910000 2575.820000 2593.010000 2606.560000 2621.630000 2630.840000 2655.980000 2669.890000 2673.600000 2681.620000 2690.460000 2700.850000 2713.650000 2726.800000 2748.190000 2764.560000 2770.730000 2790.890000 2799.230000 2806.400000
2514.580000 2516.230000 2516.730000 2516.510000 2518.630000 2519.980000 2521.970000 2523.970000 2525.530000 2527.910000 2530.030000 2532.350000 2533.930000 2531.060000 2530.190000 2535.390000 2543.700000 2552.060000 2551.430000 2555.750000 2560.050000 2550.210000 2545.200000 2544.300000 2540.560000 2539.650000 2546.520000 2550.460000 2565.450000 2578.360000 2596.040000 2612.030000 2625.290000 2640.270000 2658.020000 2673.900000 2681.180000 2695.160000 2702.840000 2710.520000 2721.670000 2735.620000 2760.370000 2772.140000 2778.030000 2788.940000 2797.150000
2513.160000 2514.370000 2515.060000 2514.810000 2516.170000 2517.620000 2517.810000 2520.220000 2522.310000 2524.580000 2526.660000 2527.560000 2527.050000 2526.410000 2530.190000 2535.890000 2542.020000 2548.090000 2550.970000 2555.930000 2554.810000 2545.530000 2538.290000 2532.040000 2528.010000 2523.160000 2531.300000 2545.580000 2566.020000 2570.440000 2577.310000 2596.350000 2618.630000 2629.860000 2643.820000 2660.060000 2680.100000 2692.660000 2701.290000 2705.460000 2714.200000 2724.960000 2741.450000 2754.440000 2765.250000 2779.260000 2790.100000
2509.370000 2509.760000 2510.600000 2511.850000 2509.940000 2514.020000 2513.640000 2515.740000 2515.780000 2518.520000 2519.880000 2520.900000 2523.940000 2528.980000 2532.760000 2535.930000 2542.110000 2546.670000 2550.890000 2552.920000 2549.390000 2541.510000 2528.880000 2520.400000 2515.540000 2513.400000 2519.230000 2538.160000 2553.050000 2569.450000 2575.000000 2588.550000 2606.550000 2632.180000 2646.870000 2658.410000 2670.870000 2684.580000 2694.060000 2701.600000 2707.010000 2715.670000 2723.330000 2734.770000 2753.230000 2762.520000 2777.180000
2517.490000 2512.850000 2510.130000 2509.710000 2510.360000 2512.650000 2513.180000 2514.050000 2513.820000 2515.200000 2517.260000 2521.120000 2524.190000 2529.100000 2532.730000 2534.390000 2538.330000 2542.940000 2546.870000 2543.710000 2541.010000 2534.590000 2523.770000 2513.020000 2509.290000 2506.500000 2514.270000 2532.490000 2550.120000 2571.540000 2578.600000 2585.900000 2595.670000 2605.000000 2631.250000 2648.490000 2654.010000 2670.940000 2684.630000 2698.340000 2707.750000 2710.300000 2715.770000 2724.610000 2738.280000 2753.310000 2763.150000
2522.800000 2521.690000 2518.720000 2515.400000 2515.660000 2517.940000 2521.240000 2522.920000 2523.270000 2522.460000 2523.770000 2525.580000 2528.520000 2530.640000 2530.520000 2531.890000 2536.820000 2540.940000 2541.460000 2535.180000 2534.040000 2525.790000 2516.290000 2513.610000 2505.320000 2506.140000 2513.860000 2525.890000 2546.750000 2556.150000 2571.370000 2582.820000 2592.270000 2601.480000 2618.430000 2630.110000 2643.550000 2656.660000 2667.970000 2680.000000 2691.320000 2705.840000 2717.850000 2728.920000 2739.600000 2752.430000 2758.920000
2529.090000 2529.340000 2527.100000 2524.410000 2523.830000 2525.890000 2528.820000 2529.780000 2527.680000 2528.680000 2529.850000 2531.160000 2531.400000 2532.750000 2531.100000 2531.880000 2535.830000 2528.630000 2531.770000 2530.720000 2527.180000 2519.100000 2510.590000 2500.400000 2497.760000 2501.090000 2511.990000 2522.280000 2532.210000 2544.990000 2555.990000 2570.180000 2583.750000 2604.470000 2615.440000 2626.740000 2637.790000 2652.480000 2665.270000 2677.110000 2689.320000 2702.410000 2712.030000 2720.500000 2736.060000 2747.430000 2757.430000
2529.000000 2530.460000 2530.200000 2530.000000 2531.420000 2529.830000 2532.080000 2532.070000 2532.190000 2535.550000 2536.770000 2537.610000 2536.850000 2534.030000 2535.060000 2533.780000 2533.110000 2526.630000 2525.030000 2521.690000 2517.680000 2512.280000 2505.120000 2494.990000 2497.580000 2505.980000 2515.510000 2525.010000 2534.150000 2542.600000 2552.940000 2563.890000 2577.060000 2592.020000 2608.700000 2622.250000 2638.030000 2646.100000 2657.650000 2668.230000 2680.640000 2696.080000 2710.780000 2721.400000 2730.840000 2741.910000 2756.050000
2527.640000 2531.650000 2533.370000 2535.790000 2534.760000 2531.390000 2532.700000 2536.510000 2540.100000 2541.570000 2541.880000 2541.370000 2538.720000 2532.910000 2536.330000 2534.210000 2528.500000 2525.420000 2519.880000 2513.890000 2510.560000 2506.110000 2496.770000 2491.010000 2498.300000 2507.090000 2518.670000 2531.920000 2541.760000 2549.070000 2558.870000 2570.720000 2579.570000 2591.500000 2606.810000 2619.580000 2630.380000 2641.150000 2653.800000 2664.860000 2676.260000 2688.200000 2699.720000 2719.060000 2733.250000 2745.010000 2756.380000
2526.040000 2529.390000 2532.310000 2535.330000 2537.750000 2534.430000 2540.090000 2543.990000 2545.650000 2543.890000 2542.040000 2540.010000 2539.200000 2530.920000 2530.650000 2524.690000 2521.940000 2516.760000 2510.450000 2506.880000 2502.200000 2498.510000 2489.740000 2486.090000 2496.970000 2505.810000 2518.420000 2530.120000 2541.680000 2553.930000 2562.740000 2575.080000 2587.110000 2597.990000 2607.290000 2618.640000 2629.950000 2639.980000 2650.080000 2658.180000 2667.690000 2678.240000 2691.690000 2709.620000 2724.500000 2742.440000 2754.570000
2525.260000 2527.820000 2530.430000 2533.540000 2536.840000 2535.150000 2541.520000 2545.870000 2545.010000 2542.990000 2541.520000 2538.540000 2534.780000 2526.580000 2523.790000 2518.780000 2516.610000 2511.980000 2507.530000 2503.730000 2498.810000 2495.400000 2487.940000 2486.520000 2494.340000 2504.110000 2519.310000 2531.830000 2544.500000 2557.990000 2567.240000 2579.860000 2591.860000 2602.190000 2610.610000 2621.010000 2631.740000 2641.140000 2650.200000 2656.780000 2666.290000 2675.550000 2687.770000 2702.090000 2723.790000 2735.170000 2747.900000
2526.040000 2524.290000 2525.110000 2529.130000 2531.160000 2532.320000 2538.200000 2541.760000 2541.170000 2539.720000 2538.550000 2537.550000 2529.390000 2521.620000 2515.790000 2512.520000 2512.510000 2507.820000 2514.370000 2504.660000 2497.540000 2495.980000 2491.460000 2492.350000 2497.040000 2507.660000 2521.300000 2535.570000 2549.390000 2561.800000 2574.100000 2584.320000 2594.480000 2604.730000 2617.040000 2625.480000 2636.530000 2645.090000 2653.070000 2660.780000 2669.710000 2679.290000 2690.160000 2699.830000 2714.700000 2727.820000 2740.180000
2528.030000 2527.460000 2524.880000 2522.760000 2525.420000 2528.710000 2531.680000 2534.720000 2534.650000 2535.180000 2534.530000 2532.390000 2531.900000 2523.150000 2519.400000 2515.780000 2516.880000 2514.420000 2511.010000 2505.570000 2501.790000 2490.340000 2495.270000 2494.820000 2506.810000 2518.630000 2533.210000 2547.770000 2562.790000 2574.690000 2584.850000 2596.580000 2605.230000 2613.410000 2624.210000 2634.390000 2643.970000 2653.410000 2660.890000 2671.590000 2680.600000 2689.050000 2699.700000 2707.380000 2717.520000 2729.090000 2742.810000
2529.920000 2528.460000 2528.290000 2526.240000 2524.000000 2524.790000 2526.140000 2529.370000 2528.860000 2528.230000 2527.910000 2528.520000 2529.540000 2527.600000 2526.870000 2524.550000 2523.990000 2518.100000 2514.290000 2507.110000 2498.250000 2493.380000 2497.810000 2504.100000 2516.740000 2529.300000 2541.690000 2557.350000 2569.900000 2581.690000 2593.560000 2603.500000 2612.650000 2623.210000 2634.760000 2644.090000 2655.650000 2664.980000 2676.360000 2685.080000 2693.750000 2700.370000 2708.470000 2717.510000 2725.250000 2734.290000 2744.740000
2531.520000 2531.160000 2530.030000 2529.180000 2527.230000 2525.420000 2523.760000 2521.480000 2521.230000 2522.050000 2521.740000 2526.400000 2526.820000 2525.800000 2526.190000 2525.280000 2523.420000 2512.950000 2506.490000 2498.310000 2495.800000 2495.980000 2500.550000 2511.920000 2522.280000 2534.960000 2549.690000 2562.070000 2574.590000 2587.580000 2596.780000 2607.230000 2619.960000 2633.160000 2645.840000 2658.110000 2670.680000 2680.900000 2692.320000 2704.200000 2713.430000 2720.690000 2727.310000 2733.470000 2739.130000 2744.810000 2754.140000
2533.320000 2532.810000 2530.390000 2531.040000 2529.450000 2527.850000 2525.150000 2525.900000 2524.690000 2521.870000 2520.620000 2516.040000 2517.150000 2518.450000 2521.160000 2520.960000 2519.100000 2508.190000 2500.200000 2497.090000 2494.640000 2495.780000 2505.210000 2515.590000 2527.580000 2541.900000 2555.340000 2567.660000 2579.770000 2590.840000 2601.380000 2614.680000 2628.730000 2642.500000 2656.900000 2671.220000 2687.450000 2697.690000 2710.750000 2722.370000 2733.050000 2742.280000 2755.490000 2754.930000 2756.110000 2764.540000 2770.150000
2534.040000 2532.560000 2532.570000 2531.130000 2531.950000 2529.230000 2521.470000 2525.310000 2527.250000 2524.700000 2523.170000 2520.880000 2519.520000 2517.230000 2516.370000 2514.810000 2515.510000 2504.260000 2497.880000 2498.640000 2494.650000 2497.440000 2509.320000 2523.070000 2534.600000 2546.440000 2559.130000 2568.520000 2579.920000 2590.370000 2603.030000 2617.890000 2634.930000 2651.450000 2669.730000 2689.970000 2703.250000 2718.410000 2728.260000 2736.280000 2745.170000 2753.760000 2758.640000 2765.960000 2768.180000 2782.890000 2790.680000
2534.990000 2534.900000 2533.510000 2533.330000 2532.590000 2531.430000 2525.220000 2524.760000 2528.070000 2527.800000 2526.650000 2525.100000 2522.690000 2521.570000 2521.450000 2515.690000 2512.990000 2503.070000 2498.090000 2490.990000 2492.740000 2499.270000 2513.480000 2526.490000 2537.740000 2548.550000 2558.120000 2569.800000 2579.390000 2590.630000 2604.350000 2620.370000 2639.590000 2667.760000 2691.460000 2704.610000 2714.340000 2715.850000 2721.870000 2723.240000 2728.620000 2734.250000 2742.230000 2750.680000 2757.530000 2765.330000 2774.100000
2537.170000 2536.950000 2535.910000 2534.730000 2534.200000 2533.820000 2531.630000 2528.120000 2527.880000 2529.770000 2528.900000 2527.450000 2525.930000 2523.130000 2521.990000 2521.000000 2519.640000 2512.660000 2502.140000 2495.820000 2488.930000 2505.920000 2511.300000 2525.560000 2536.550000 2546.830000 2558.050000 2569.390000 2582.100000 2590.250000 2605.910000 2624.210000 2659.890000 2679.380000 2685.490000 2690.420000 2695.900000 2699.370000 2703.130000 2707.200000 2714.240000 2723.710000 2730.720000 2738.100000 2748.100000 2756.700000 2765.980000
2538.720000 2538.170000 2537.510000 2536.780000 2536.690000 2535.930000 2534.100000 2531.550000 2530.210000 2529.340000 2528.660000 2528.560000 2527.080000 2526.280000 2523.370000 2520.610000 2519.010000 2517.070000 2515.960000 2513.680000 2506.100000 2509.420000 2509.950000 2522.650000 2534.980000 2543.740000 2546.060000 2558.640000 2572.250000 2583.470000 2600.720000 2631.180000 2655.400000 2659.470000 2666.630000 2673.970000 2680.920000 2685.030000 2689.250000 2696.210000 2704.810000 2721.030000 2729.400000 2739.570000 2749.690000 2761.300000 2771.050000
2540.120000 2539.100000 2539.130000 2538.840000 2537.740000 2536.420000 2536.000000 2533.960000 2532.360000 2529.870000 2528.870000 2529.240000 2529.650000 2528.400000 2526.200000 2524.200000 2520.490000 2517.750000 2516.640000 2514.500000 2513.110000 2513.380000 2508.620000 2512.820000 2524.580000 2533.220000 2540.060000 2550.630000 2563.120000 2576.170000 2592.620000 2611.950000 2632.480000 2640.420000 2648.700000 2658.360000 2664.990000 2672.640000 2683.460000 2694.120000 2706.010000 2717.440000 2729.380000 2742.270000 2754.640000 2764.190000 2773.150000
2540.290000 2540.540000 2539.870000 2540.150000 2538.940000 2538.060000 2537.790000 2536.560000 2534.460000 2531.300000 2529.550000 2530.460000 2529.680000 2530.110000 2527.870000 2526.680000 2524.210000 2520.780000 2518.150000 2518.810000 2518.750000 2515.680000 2509.250000 2511.540000 2513.570000 2523.130000 2533.310000 2539.320000 2552.490000 2565.690000 2582.550000 2601.080000 2615.090000 2623.980000 2632.970000 2643.250000 2651.470000 2660.310000 2674.170000 2685.070000 2699.540000 2710.370000 2719.490000 2733.230000 2748.670000 2761.950000 2772.860000
2540.780000 2541.690000 2541.680000 2540.600000 2539.820000 2539.730000 2538.930000 2538.110000 2537.040000 2535.620000 2533.940000 2531.480000 2529.450000 2530.550000 2529.970000 2528.680000 2526.570000 2523.930000 2521.930000 2518.890000 2522.530000 2517.440000 2511.080000 2506.340000 2507.320000 2512.450000 2519.400000 2531.280000 2543.070000 2555.340000 2571.740000 2587.960000 2600.270000 2609.280000 2617.740000 2628.450000 2638.690000 2648.080000 2658.960000 2667.740000 2677.590000 2686.730000 2700.590000 2718.910000 2731.870000 2750.780000 2764.710000
2540.730000 2541.370000 2542.130000 2542.490000 2541.630000 2540.010000 2539.910000 2539.540000 2538.810000 2536.270000 2535.640000 2531.210000 2531.140000 2532.630000 2532.290000 2530.780000 2529.500000 2528.180000 2524.040000 2520.270000 2522.270000 2519.410000 2513.350000 2501.030000 2504.260000 2508.220000 2512.830000 2522.520000 2534.930000 2546.210000 2560.410000 2572.760000 2583.740000 2593.370000 2604.230000 2614.370000 2625.250000 2636.710000 2645.200000 2655.340000 2665.160000 2674.350000 2687.050000 2703.750000 2722.000000 2744.870000 2759.710000
2541.120000 2542.520000 2542.160000 2543.740000 2543.570000 2541.840000 2540.950000 2540.200000 2538.750000 2537.790000 2536.110000 2533.650000 2528.340000 2531.280000 2532.510000 2530.450000 2531.740000 2529.180000 2526.160000 2522.910000 2521.550000 2520.230000 2508.250000 2503.590000 2503.510000 2502.560000 2507.240000 2515.390000 2525.750000 2536.960000 2548.710000 2560.160000 2571.120000 2580.910000 2590.840000 2600.990000 2611.270000 2623.250000 2633.390000 2644.180000 2654.090000 2663.720000 2674.480000 2686.850000 2704.210000 2720.250000 2743.500000
2541.640000 2543.280000 2542.880000 2544.710000 2544.630000 2543.030000 2542.130000 2541.340000 2539.830000 2538.950000 2537.220000 2535.400000 2531.390000 2532.810000 2533.850000 2531.590000 2532.710000 2529.660000 2524.280000 2522.050000 2520.090000 2519.110000 2503.360000 2505.540000 2505.390000 2502.060000 2502.030000 2509.030000 2517.700000 2527.200000 2537.310000 2548.050000 2558.650000 2568.580000 2578.790000 2588.970000 2599.510000 2611.540000 2622.060000 2632.820000 2642.730000 2651.890000 2662.640000 2670.380000 2684.330000 2699.320000 2722.630000
2542.280000 2543.510000 2544.240000 2545.760000 2544.320000 2543.930000 2543.640000 2542.950000 2541.920000 2539.360000 2537.670000 2537.270000 2533.570000 2535.200000 2536.420000 2536.250000 2533.220000 2530.160000 2524.480000 2516.710000 2519.650000 2519.330000 2489.990000 2493.560000 2505.210000 2505.780000 2496.990000 2504.260000 2510.780000 2515.680000 2526.760000 2535.810000 2545.400000 2556.240000 2568.480000 2578.300000 2589.510000 2600.770000 2612.140000 2622.340000 2631.510000 2639.490000 2649.650000 2655.970000 2663.100000 2677.980000 2699.110000
2543.380000 2544.740000 2545.400000 2545.540000 2547.180000 2546.440000 2546.110000 2544.250000 2543.530000 2541.850000 2540.180000 2538.530000 2537.190000 2535.610000 2535.770000 2534.900000 2534.430000 2531.700000 2530.420000 2521.060000 2522.070000 2512.920000 2483.050000 2494.700000 2495.560000 2501.890000 2498.650000 2499.110000 2505.760000 2510.660000 2518.990000 2527.400000 2538.760000 2548.350000 2558.610000 2570.990000 2582.190000 2592.380000 2600.950000 2610.260000 2618.790000 2627.390000 2635.750000 2643.390000 2651.740000 2660.050000 2673.040000
