data_raw/lake_dem_2004.asc
ncols         47
nrows         53
xllcorner     1987.5
yllcorner     9987.5
cellsize      25.0
NODATA_value  -9999
[rows 0 to 27 of 53, columns 0 to 46 of 47]
2593.760000 2594.310000 2597.210000 2600.900000 2601.380000 2603.250000 2606.620000 2608.350000 2608.910000 2613.470000 2615.930000 2616.650000 2618.830000 2619.700000 2622.070000 2622.680000 2620.510000 2624.050000 2631.590000 2636.500000 2637.830000 2637.960000 2643.640000 2645.670000 2648.760000 2652.630000 2656.980000 2660.190000 2664.510000 2667.110000 2672.910000 2681.060000 2687.950000 2697.440000 2710.240000 2728.720000 2729.960000 2744.310000 2747.750000 2756.490000 2769.280000 2782.220000 2789.150000 2811.640000 2820.820000 2829.300000 2836.470000
2591.830000 2593.840000 2595.680000 2598.150000 2600.440000 2602.370000 2605.360000 2607.360000 2609.270000 2611.420000 2614.090000 2615.720000 2616.020000 2617.260000 2617.230000 2617.200000 2618.890000 2625.990000 2628.670000 2627.450000 2630.970000 2634.600000 2637.760000 2641.480000 2644.250000 2644.730000 2647.420000 2647.430000 2648.680000 2654.750000 2659.040000 2666.460000 2684.790000 2694.380000 2704.980000 2720.160000 2717.490000 2735.900000 2741.890000 2752.990000 2757.780000 2769.510000 2783.870000 2799.180000 2809.620000 2823.450000 2832.640000
2591.760000 2594.410000 2596.310000 2596.930000 2599.020000 2601.830000 2604.150000 2607.270000 2608.960000 2610.880000 2611.100000 2613.250000 2614.000000 2614.650000 2613.210000 2614.770000 2621.780000 2630.120000 2628.320000 2626.880000 2630.500000 2632.720000 2635.220000 2637.440000 2637.960000 2638.200000 2640.400000 2639.340000 2638.400000 2645.910000 2656.610000 2664.690000 2673.850000 2685.230000 2698.550000 2704.370000 2707.180000 2727.100000 2735.180000 2744.530000 2752.790000 2767.910000 2785.670000 2791.430000 2808.300000 2822.000000 2829.990000
2593.850000 2594.960000 2597.710000 2598.780000 2600.090000 2601.280000 2602.880000 2605.360000 2606.600000 2607.350000 2609.720000 2610.930000 2612.330000 2612.460000 2611.710000 2615.740000 2623.680000 2625.940000 2625.130000 2625.030000 2628.550000 2629.720000 2632.340000 2632.380000 2634.410000 2633.460000 2629.500000 2632.130000 2633.120000 2642.410000 2650.300000 2662.340000 2669.760000 2674.330000 2683.110000 2691.040000 2698.700000 2717.970000 2725.990000 2734.050000 2743.560000 2766.780000 2778.870000 2784.000000 2800.170000 2810.320000 2819.990000
2594.810000 2596.830000 2597.450000 2598.150000 2598.550000 2600.870000 2602.630000 2603.880000 2605.490000 2606.120000 2606.810000 2606.590000 2610.890000 2612.420000 2611.940000 2618.400000 2622.240000 2624.880000 2622.020000 2623.570000 2626.790000 2627.440000 2628.360000 2627.850000 2628.420000 2626.570000 2621.920000 2624.260000 2633.890000 2639.390000 2646.020000 2652.780000 2657.270000 2659.690000 2667.060000 2678.480000 2693.220000 2710.060000 2717.590000 2727.620000 2732.190000 2751.840000 2756.800000 2774.430000 2782.480000 2798.150000 2805.270000
2586.350000 2588.060000 2596.110000 2596.940000 2598.670000 2599.280000 2600.060000 2601.080000 2602.870000 2602.470000 2602.000000 2601.140000 2603.840000 2607.220000 2614.960000 2621.540000 2619.850000 2618.380000 2619.860000 2622.450000 2624.010000 2624.670000 2624.740000 2624.790000 2623.270000 2621.200000 2618.640000 2622.440000 2628.550000 2633.300000 2639.150000 2640.840000 2635.570000 2647.610000 2656.550000 2664.740000 2678.620000 2699.480000 2707.170000 2720.760000 2728.320000 2738.790000 2745.340000 2757.770000 2771.700000 2779.650000 2790.810000
2594.040000 2588.970000 2589.210000 2593.490000 2596.130000 2596.990000 2597.120000 2597.840000 2598.160000 2598.240000 2598.560000 2600.640000 2605.480000 2613.180000 2617.970000 2618.690000 2619.210000 2615.090000 2617.370000 2618.430000 2620.000000 2621.440000 2621.480000 2619.660000 2620.780000 2616.140000 2616.280000 2624.360000 2625.510000 2625.580000 2628.970000 2626.010000 2626.570000 2640.010000 2647.500000 2656.570000 2671.950000 2683.120000 2689.810000 2703.850000 2715.300000 2727.520000 2734.190000 2745.920000 2760.490000 2774.360000 2785.180000
2602.810000 2600.480000 2594.950000 2590.910000 2589.740000 2589.850000 2591.920000 2592.720000 2594.950000 2597.090000 2600.040000 2603.490000 2610.940000 2615.790000 2619.390000 2613.100000 2610.530000 2612.490000 2614.900000 2617.290000 2618.230000 2619.210000 2618.740000 2615.890000 2614.830000 2611.620000 2615.820000 2620.130000 2619.700000 2617.980000 2610.370000 2612.250000 2619.420000 2632.880000 2640.850000 2650.580000 2652.580000 2658.910000 2670.740000 2680.550000 2693.840000 2704.580000 2721.430000 2738.940000 2753.360000 2775.200000 2784.520000
2602.800000 2604.550000 2600.890000 2599.150000 2595.630000 2596.620000 2592.820000 2593.640000 2596.770000 2598.830000 2604.000000 2609.040000 2612.960000 2617.210000 2614.860000 2609.400000 2608.340000 2610.850000 2613.090000 2614.760000 2616.220000 2615.670000 2614.820000 2613.000000 2609.870000 2609.920000 2614.810000 2615.940000 2614.880000 2610.310000 2599.620000 2604.620000 2616.130000 2609.870000 2623.370000 2628.340000 2631.310000 2641.550000 2652.120000 2664.520000 2675.380000 2687.610000 2703.740000 2722.030000 2739.120000 2751.940000 2764.790000
2599.500000 2603.160000 2605.430000 2605.370000 2604.090000 2601.490000 2599.510000 2600.500000 2602.510000 2605.560000 2608.470000 2610.690000 2612.670000 2613.960000 2610.620000 2606.360000 2608.230000 2609.870000 2610.450000 2611.650000 2611.640000 2610.440000 2609.510000 2606.790000 2607.880000 2614.150000 2613.690000 2609.610000 2607.290000 2602.090000 2592.570000 2595.720000 2596.010000 2597.280000 2606.330000 2617.380000 2629.400000 2640.440000 2650.190000 2659.250000 2666.810000 2678.440000 2693.370000 2712.760000 2729.010000 2742.460000 2755.700000
2591.670000 2599.730000 2604.700000 2606.740000 2608.420000 2608.570000 2607.440000 2607.400000 2607.640000 2608.300000 2609.330000 2609.780000 2610.690000 2606.780000 2603.170000 2603.830000 2607.070000 2607.250000 2606.870000 2607.390000 2607.590000 2607.090000 2608.340000 2608.540000 2612.170000 2609.690000 2608.240000 2602.880000 2596.920000 2593.380000 2587.980000 2581.400000 2588.990000 2598.770000 2611.310000 2621.740000 2631.440000 2641.720000 2649.780000 2656.550000 2665.600000 2675.430000 2687.140000 2704.100000 2723.250000 2736.110000 2749.260000
2593.190000 2590.740000 2593.930000 2593.710000 2604.890000 2607.710000 2608.640000 2608.680000 2608.110000 2608.210000 2608.890000 2608.980000 2606.550000 2601.220000 2599.670000 2603.440000 2605.420000 2605.860000 2606.010000 2607.170000 2607.720000 2605.200000 2608.900000 2607.490000 2608.900000 2607.050000 2602.720000 2595.220000 2588.420000 2585.010000 2579.660000 2581.810000 2593.400000 2605.330000 2616.480000 2626.310000 2636.690000 2645.360000 2653.450000 2661.050000 2668.470000 2679.260000 2689.840000 2700.980000 2715.410000 2729.450000 2743.820000
2596.640000 2589.300000 2587.620000 2592.680000 2594.990000 2595.740000 2606.160000 2608.010000 2608.720000 2607.990000 2607.470000 2603.740000 2601.350000 2598.670000 2596.630000 2598.410000 2602.770000 2601.840000 2602.780000 2603.970000 2603.980000 2604.710000 2603.790000 2603.380000 2604.280000 2600.130000 2592.600000 2589.080000 2584.630000 2578.460000 2583.500000 2595.870000 2604.240000 2613.130000 2624.020000 2634.400000 2643.750000 2653.020000 2661.260000 2670.100000 2679.500000 2688.740000 2698.000000 2707.240000 2717.840000 2730.080000 2742.800000
2597.120000 2596.170000 2596.560000 2597.580000 2592.460000 2591.840000 2592.640000 2592.300000 2597.790000 2599.150000 2599.560000 2599.070000 2599.600000 2597.960000 2598.230000 2594.300000 2600.110000 2599.110000 2600.330000 2600.510000 2599.770000 2598.300000 2596.860000 2598.110000 2597.020000 2593.720000 2585.660000 2580.180000 2578.690000 2581.030000 2593.950000 2604.230000 2614.320000 2623.120000 2634.660000 2644.560000 2655.330000 2664.990000 2675.020000 2684.890000 2694.060000 2702.450000 2708.950000 2717.850000 2725.460000 2734.270000 2744.600000
2597.610000 2597.850000 2599.020000 2598.890000 2595.520000 2596.430000 2592.870000 2588.640000 2589.870000 2592.790000 2594.100000 2597.310000 2598.250000 2597.220000 2601.230000 2601.410000 2600.280000 2600.700000 2600.230000 2599.820000 2599.880000 2599.490000 2598.080000 2595.530000 2590.020000 2586.280000 2581.410000 2579.440000 2578.800000 2587.640000 2597.550000 2607.760000 2620.660000 2633.360000 2645.660000 2657.490000 2669.470000 2681.760000 2701.370000 2703.290000 2713.880000 2721.570000 2726.470000 2732.930000 2738.940000 2746.340000 2754.020000
2598.760000 2598.560000 2598.060000 2597.040000 2596.610000 2597.140000 2595.660000 2593.390000 2591.990000 2586.620000 2586.930000 2585.920000 2595.110000 2595.710000 2601.150000 2599.880000 2599.660000 2599.860000 2599.280000 2598.740000 2598.360000 2598.020000 2595.550000 2593.130000 2587.310000 2581.360000 2578.840000 2577.220000 2580.590000 2591.660000 2601.960000 2613.630000 2628.330000 2643.780000 2656.660000 2670.700000 2686.080000 2699.050000 2711.160000 2722.150000 2733.440000 2741.600000 2748.270000 2753.310000 2757.840000 2764.050000 2770.860000
2599.320000 2599.080000 2598.830000 2597.520000 2596.010000 2596.330000 2597.730000 2597.970000 2597.070000 2594.580000 2591.780000 2590.480000 2590.970000 2590.570000 2590.030000 2594.340000 2593.720000 2595.940000 2597.450000 2597.580000 2595.820000 2594.090000 2591.990000 2588.290000 2582.900000 2577.990000 2575.080000 2571.100000 2579.990000 2591.080000 2603.460000 2618.370000 2633.940000 2653.410000 2671.290000 2698.850000 2705.610000 2719.310000 2728.360000 2738.940000 2748.980000 2755.960000 2764.880000 2771.610000 2781.080000 2788.230000 2794.960000
2599.710000 2599.170000 2598.350000 2598.590000 2597.290000 2593.840000 2595.330000 2599.020000 2598.850000 2598.590000 2597.170000 2593.910000 2592.240000 2591.300000 2590.520000 2587.750000 2589.540000 2590.430000 2590.810000 2590.700000 2589.940000 2584.690000 2583.070000 2581.030000 2577.760000 2574.620000 2575.170000 2573.050000 2580.210000 2591.410000 2604.180000 2618.380000 2642.690000 2681.980000 2699.400000 2711.310000 2721.570000 2730.230000 2736.720000 2749.500000 2758.090000 2742.070000 2735.860000 2744.900000 2758.610000 2759.120000 2764.140000
2600.190000 2599.480000 2599.190000 2598.720000 2598.400000 2597.520000 2597.290000 2599.190000 2599.540000 2599.480000 2598.660000 2597.690000 2595.890000 2594.270000 2591.570000 2590.250000 2590.730000 2591.290000 2591.810000 2589.450000 2590.510000 2589.850000 2588.240000 2586.210000 2581.360000 2578.280000 2577.030000 2575.960000 2581.540000 2590.670000 2604.490000 2627.000000 2665.690000 2688.280000 2710.040000 2696.910000 2701.000000 2705.670000 2701.010000 2703.390000 2710.850000 2722.600000 2730.430000 2738.110000 2744.970000 2756.970000 2765.700000
2600.810000 2600.760000 2600.240000 2599.410000 2598.190000 2597.840000 2597.500000 2598.980000 2600.090000 2599.780000 2599.370000 2599.070000 2598.520000 2597.240000 2594.690000 2593.990000 2592.360000 2591.490000 2590.680000 2589.700000 2589.950000 2590.610000 2591.190000 2587.360000 2582.000000 2578.630000 2577.720000 2577.720000 2584.160000 2599.960000 2620.290000 2637.530000 2661.280000 2689.740000 2670.980000 2677.140000 2682.190000 2687.320000 2690.810000 2697.190000 2707.180000 2721.470000 2731.440000 2741.340000 2750.520000 2760.920000 2771.790000
2601.870000 2601.500000 2601.070000 2598.810000 2598.440000 2598.440000 2598.670000 2599.540000 2600.150000 2599.650000 2599.670000 2600.240000 2599.640000 2599.350000 2598.810000 2597.870000 2595.780000 2594.000000 2593.280000 2591.710000 2589.680000 2590.310000 2588.490000 2586.400000 2580.890000 2578.650000 2584.570000 2594.300000 2599.690000 2604.890000 2612.630000 2628.530000 2632.720000 2640.190000 2650.020000 2659.400000 2666.890000 2675.280000 2681.040000 2693.250000 2707.870000 2720.980000 2730.870000 2743.080000 2754.420000 2763.940000 2774.480000
2602.890000 2602.920000 2602.320000 2601.090000 2599.630000 2598.220000 2597.160000 2598.160000 2600.250000 2599.990000 2600.200000 2600.550000 2600.830000 2600.380000 2600.160000 2600.840000 2599.290000 2598.600000 2595.460000 2593.660000 2590.010000 2591.600000 2589.610000 2586.700000 2579.050000 2578.900000 2583.570000 2597.940000 2599.390000 2601.970000 2604.840000 2604.810000 2616.070000 2623.630000 2632.840000 2643.330000 2651.710000 2662.220000 2673.700000 2689.040000 2700.710000 2711.060000 2721.020000 2733.690000 2748.930000 2762.850000 2772.990000
2603.960000 2604.170000 2603.810000 2602.920000 2601.020000 2599.580000 2598.320000 2597.780000 2599.960000 2599.910000 2600.270000 2601.250000 2601.500000 2601.450000 2600.670000 2601.560000 2602.170000 2600.400000 2600.080000 2598.800000 2595.810000 2593.370000 2592.440000 2590.270000 2587.840000 2583.550000 2580.440000 2583.840000 2590.770000 2592.870000 2591.300000 2591.300000 2598.570000 2609.500000 2617.790000 2627.900000 2638.940000 2650.830000 2659.450000 2669.160000 2678.430000 2687.900000 2703.110000 2718.080000 2733.750000 2752.480000 2766.610000
2604.860000 2605.140000 2604.080000 2603.760000 2603.620000 2602.240000 2601.300000 2599.540000 2599.580000 2599.940000 2600.400000 2600.910000 2603.020000 2602.400000 2600.190000 2597.180000 2601.410000 2602.280000 2601.810000 2600.860000 2599.740000 2596.880000 2595.020000 2592.550000 2590.370000 2588.720000 2586.240000 2581.010000 2581.850000 2581.920000 2579.170000 2576.330000 2583.260000 2594.740000 2603.300000 2614.260000 2624.680000 2635.560000 2647.030000 2656.650000 2666.600000 2673.480000 2688.350000 2704.530000 2724.240000 2747.070000 2761.500000
2605.380000 2605.920000 2605.410000 2605.180000 2605.180000 2603.550000 2603.630000 2601.060000 2599.590000 2599.540000 2600.500000 2601.820000 2603.320000 2603.120000 2601.610000 2599.010000 2602.690000 2603.240000 2603.580000 2602.690000 2602.110000 2600.090000 2598.210000 2595.910000 2592.730000 2591.880000 2591.790000 2585.330000 2578.340000 2578.920000 2580.050000 2580.840000 2575.210000 2582.210000 2591.000000 2601.140000 2612.660000 2623.400000 2634.200000 2644.310000 2655.510000 2663.550000 2673.320000 2687.780000 2705.360000 2724.440000 2739.320000
2605.200000 2606.390000 2607.040000 2607.030000 2606.900000 2605.110000 2603.610000 2603.330000 2601.990000 2600.620000 2600.290000 2601.850000 2603.500000 2604.690000 2605.050000 2603.480000 2603.580000 2604.250000 2603.910000 2605.060000 2604.170000 2602.940000 2601.650000 2600.420000 2595.720000 2594.320000 2593.360000 2585.630000 2576.690000 2579.970000 2580.400000 2582.220000 2578.640000 2574.040000 2579.950000 2590.110000 2600.220000 2611.470000 2622.080000 2632.550000 2642.780000 2652.670000 2662.250000 2672.010000 2686.000000 2700.830000 2721.430000
2605.560000 2606.920000 2607.520000 2607.930000 2607.320000 2606.500000 2605.480000 2604.370000 2602.910000 2601.420000 2600.100000 2601.640000 2603.580000 2606.330000 2606.270000 2605.580000 2605.040000 2605.360000 2605.710000 2605.380000 2604.590000 2604.370000 2602.780000 2601.470000 2598.780000 2597.120000 2595.960000 2588.800000 2577.940000 2579.200000 2579.900000 2580.550000 2579.980000 2580.260000 2574.650000 2579.740000 2590.050000 2601.250000 2610.780000 2621.670000 2630.950000 2639.180000 2649.890000 2656.630000 2663.900000 2679.670000 2700.920000
2606.770000 2607.280000 2607.650000 2608.610000 2608.770000 2607.880000 2607.250000 2605.840000 2604.100000 2602.040000 2601.480000 2601.550000 2602.510000 2604.990000 2605.660000 2605.170000 2604.860000 2606.570000 2606.460000 2605.560000 2605.210000 2604.470000 2603.750000 2602.540000 2600.570000 2599.420000 2598.530000 2590.830000 2577.160000 2579.300000 2579.300000 2579.820000 2580.590000 2580.280000 2579.970000 2575.560000 2582.230000 2592.810000 2601.800000 2610.180000 2619.570000 2628.180000 2637.150000 2645.880000 2652.660000 2660.710000 2669.340000
