data_raw/lake_dem_2015.asc
ncols         47
nrows         53
xllcorner     1987.5
yllcorner     9987.5
cellsize      25.0
NODATA_value  -9999
[rows 0 to 27 of 53, columns 0 to 46 of 47]
2535.240000 2537.910000 2539.970000 2542.410000 2544.690000 2545.880000 2549.460000 2549.260000 2551.470000 2554.710000 2556.600000 2557.700000 2561.500000 2563.850000 2561.790000 2558.680000 2563.060000 2573.510000 2576.010000 2580.900000 2584.770000 2583.780000 2574.900000 2581.060000 2590.410000 2593.380000 2590.920000 2590.300000 2585.820000 2592.760000 2604.250000 2618.220000 2631.700000 2654.760000 2670.200000 2676.970000 2683.260000 2691.730000 2708.430000 2725.560000 2741.600000 2754.940000 2767.130000 2783.540000 2793.380000 2806.030000 2813.260000
2536.480000 2537.380000 2538.490000 2541.150000 2542.750000 2544.350000 2545.740000 2549.190000 2549.730000 2553.580000 2554.170000 2555.660000 2557.200000 2557.240000 2554.340000 2556.440000 2563.760000 2569.980000 2572.840000 2576.660000 2581.810000 2577.420000 2568.880000 2574.920000 2579.830000 2579.130000 2580.980000 2576.890000 2570.210000 2577.840000 2589.660000 2613.060000 2626.030000 2641.070000 2658.030000 2672.160000 2683.420000 2693.790000 2704.050000 2713.440000 2725.420000 2748.610000 2764.880000 2780.480000 2786.450000 2799.280000 2807.270000
2534.820000 2535.230000 2535.090000 2538.200000 2539.200000 2541.350000 2544.230000 2545.810000 2546.990000 2548.820000 2549.290000 2549.890000 2551.110000 2550.860000 2554.460000 2559.300000 2564.540000 2572.130000 2572.820000 2574.920000 2577.090000 2569.940000 2562.070000 2566.890000 2570.270000 2569.520000 2567.550000 2564.220000 2564.730000 2567.170000 2578.150000 2597.320000 2618.300000 2631.300000 2645.710000 2663.000000 2681.640000 2693.720000 2701.600000 2704.430000 2712.620000 2730.730000 2755.100000 2769.630000 2780.430000 2790.240000 2799.380000
2531.570000 2531.640000 2534.460000 2535.270000 2535.740000 2536.410000 2538.880000 2539.820000 2541.650000 2541.490000 2542.630000 2543.830000 2545.990000 2551.290000 2559.040000 2560.830000 2567.150000 2568.720000 2569.150000 2573.420000 2571.830000 2561.290000 2556.030000 2554.720000 2554.260000 2555.750000 2554.940000 2544.770000 2550.720000 2567.680000 2580.640000 2591.060000 2608.170000 2629.420000 2648.640000 2659.690000 2671.150000 2685.820000 2692.540000 2701.960000 2709.600000 2716.960000 2724.530000 2742.540000 2761.270000 2777.370000 2786.760000
2528.720000 2528.500000 2529.690000 2530.750000 2530.860000 2530.910000 2532.410000 2533.960000 2535.090000 2536.220000 2539.210000 2542.960000 2545.990000 2552.040000 2556.330000 2559.790000 2564.810000 2566.710000 2568.210000 2568.720000 2564.140000 2555.200000 2549.140000 2546.410000 2545.820000 2546.110000 2542.400000 2530.110000 2551.160000 2571.910000 2579.760000 2587.110000 2595.200000 2610.210000 2629.400000 2642.570000 2652.950000 2667.250000 2678.240000 2690.300000 2702.880000 2710.160000 2717.030000 2729.200000 2742.460000 2754.520000 2762.130000
2534.980000 2530.410000 2530.150000 2529.210000 2530.810000 2531.800000 2535.710000 2537.590000 2537.810000 2538.680000 2541.430000 2546.170000 2549.240000 2554.540000 2557.230000 2559.900000 2563.020000 2564.750000 2562.780000 2559.350000 2553.520000 2550.500000 2545.070000 2541.760000 2539.290000 2542.140000 2536.370000 2526.400000 2544.210000 2558.860000 2573.270000 2583.040000 2593.930000 2602.400000 2617.910000 2628.210000 2638.430000 2653.830000 2666.250000 2678.450000 2692.390000 2706.060000 2718.190000 2727.460000 2736.470000 2748.770000 2757.640000
2541.800000 2538.670000 2538.460000 2534.530000 2536.270000 2538.410000 2540.210000 2544.590000 2542.540000 2544.380000 2547.530000 2551.440000 2556.800000 2560.340000 2561.340000 2561.180000 2564.320000 2560.000000 2554.340000 2551.760000 2548.490000 2545.360000 2539.650000 2533.640000 2536.390000 2537.900000 2532.900000 2521.320000 2530.720000 2542.520000 2555.670000 2571.700000 2588.970000 2604.580000 2616.560000 2627.740000 2636.940000 2652.130000 2664.150000 2676.890000 2690.650000 2702.990000 2712.270000 2719.360000 2734.990000 2747.940000 2757.090000
2547.270000 2545.320000 2544.390000 2543.340000 2541.780000 2544.250000 2544.870000 2548.430000 2548.290000 2553.060000 2556.520000 2558.360000 2561.760000 2563.570000 2564.670000 2561.390000 2559.140000 2552.990000 2547.060000 2545.810000 2545.220000 2539.050000 2534.030000 2531.960000 2535.770000 2536.600000 2529.350000 2524.240000 2532.690000 2541.840000 2551.700000 2562.730000 2576.290000 2593.060000 2609.480000 2622.660000 2637.500000 2645.850000 2658.460000 2667.210000 2681.670000 2696.680000 2708.580000 2721.380000 2730.250000 2743.380000 2757.040000
2551.520000 2554.050000 2551.830000 2548.290000 2545.660000 2544.610000 2545.820000 2549.260000 2556.250000 2560.630000 2561.830000 2559.780000 2559.620000 2561.380000 2562.150000 2554.300000 2549.740000 2543.120000 2543.080000 2541.700000 2540.280000 2536.250000 2530.560000 2526.670000 2529.450000 2528.480000 2521.990000 2531.040000 2542.110000 2549.820000 2559.850000 2570.180000 2579.770000 2590.810000 2605.260000 2618.840000 2630.000000 2641.320000 2653.540000 2664.960000 2674.820000 2688.180000 2703.110000 2718.420000 2733.930000 2746.110000 2757.930000
2548.440000 2553.960000 2553.650000 2551.600000 2553.600000 2552.400000 2553.000000 2555.890000 2560.930000 2562.520000 2561.920000 2560.120000 2557.040000 2553.860000 2552.410000 2543.110000 2540.010000 2540.690000 2539.870000 2537.770000 2537.050000 2534.150000 2524.790000 2519.800000 2521.580000 2519.700000 2518.170000 2531.160000 2544.150000 2556.810000 2567.370000 2577.660000 2588.060000 2597.270000 2606.370000 2616.800000 2629.990000 2640.530000 2650.220000 2658.870000 2666.180000 2678.090000 2694.140000 2712.690000 2728.490000 2743.230000 2757.460000
2539.950000 2547.060000 2550.360000 2554.390000 2558.420000 2556.920000 2557.460000 2558.960000 2560.130000 2559.310000 2557.010000 2554.650000 2547.590000 2542.390000 2541.030000 2537.560000 2537.580000 2538.880000 2539.370000 2534.090000 2535.090000 2529.780000 2516.920000 2511.850000 2515.180000 2509.100000 2516.080000 2530.310000 2541.640000 2554.730000 2567.230000 2579.030000 2589.920000 2600.560000 2611.640000 2621.450000 2631.560000 2641.450000 2649.650000 2656.520000 2664.640000 2674.950000 2690.190000 2703.800000 2723.330000 2736.220000 2748.920000
2539.960000 2538.110000 2541.950000 2547.850000 2554.290000 2552.360000 2557.770000 2558.840000 2559.150000 2559.830000 2555.870000 2549.750000 2542.410000 2537.250000 2534.230000 2534.530000 2535.250000 2536.590000 2536.200000 2534.740000 2531.040000 2523.640000 2515.420000 2511.020000 2514.780000 2511.530000 2520.380000 2534.100000 2547.860000 2560.510000 2571.940000 2582.740000 2593.470000 2605.310000 2616.340000 2625.940000 2636.370000 2645.090000 2653.410000 2661.040000 2668.140000 2678.630000 2689.670000 2699.640000 2715.230000 2729.410000 2743.570000
2544.410000 2541.920000 2540.290000 2540.400000 2544.110000 2546.850000 2554.710000 2555.170000 2555.510000 2555.280000 2552.220000 2549.360000 2546.360000 2541.820000 2538.790000 2536.830000 2532.250000 2533.330000 2533.750000 2531.210000 2526.170000 2517.460000 2516.680000 2515.300000 2514.060000 2518.240000 2533.960000 2548.760000 2563.000000 2574.330000 2584.960000 2595.670000 2604.240000 2612.650000 2624.290000 2634.300000 2643.590000 2653.300000 2660.340000 2670.080000 2679.490000 2688.690000 2697.720000 2706.740000 2716.640000 2729.100000 2742.660000
2545.650000 2545.570000 2543.620000 2541.160000 2539.480000 2543.370000 2544.070000 2547.180000 2549.760000 2547.390000 2546.680000 2546.720000 2544.920000 2543.020000 2545.490000 2544.970000 2540.780000 2538.100000 2530.460000 2525.140000 2519.050000 2512.010000 2510.690000 2512.760000 2514.130000 2529.620000 2541.490000 2558.470000 2570.340000 2580.860000 2593.470000 2603.990000 2611.930000 2623.120000 2634.660000 2644.180000 2655.310000 2666.630000 2674.890000 2685.270000 2694.160000 2702.540000 2710.600000 2717.100000 2724.980000 2734.190000 2744.280000
2548.190000 2546.780000 2546.230000 2544.870000 2542.200000 2540.220000 2538.890000 2538.590000 2539.100000 2539.540000 2541.810000 2542.330000 2544.980000 2544.510000 2546.720000 2545.950000 2541.850000 2539.950000 2535.790000 2524.220000 2518.090000 2512.740000 2514.890000 2510.710000 2520.890000 2535.250000 2549.320000 2562.470000 2574.530000 2588.410000 2597.610000 2607.940000 2619.870000 2633.280000 2645.650000 2657.460000 2669.450000 2681.850000 2701.330000 2703.450000 2716.090000 2721.200000 2726.440000 2731.640000 2738.550000 2745.770000 2754.050000
2549.860000 2548.320000 2548.220000 2544.640000 2546.100000 2543.250000 2541.090000 2540.280000 2539.020000 2537.310000 2538.230000 2538.290000 2540.610000 2541.400000 2542.960000 2538.960000 2537.880000 2535.660000 2529.350000 2520.400000 2514.860000 2512.680000 2508.720000 2513.540000 2527.990000 2541.840000 2556.200000 2568.100000 2579.500000 2591.320000 2601.370000 2613.640000 2627.410000 2642.380000 2655.870000 2670.230000 2685.600000 2699.470000 2711.480000 2722.310000 2734.420000 2743.050000 2751.500000 2755.150000 2758.740000 2764.230000 2771.570000
2550.540000 2548.870000 2546.170000 2547.150000 2547.390000 2546.130000 2543.110000 2543.420000 2542.180000 2540.780000 2540.780000 2539.630000 2537.360000 2535.570000 2535.580000 2534.110000 2536.690000 2533.770000 2525.270000 2517.720000 2510.600000 2509.220000 2510.280000 2523.590000 2537.440000 2549.440000 2559.370000 2568.680000 2579.540000 2590.200000 2602.580000 2618.090000 2633.920000 2650.130000 2670.840000 2691.190000 2707.490000 2719.580000 2730.320000 2736.610000 2746.650000 2752.570000 2761.830000 2767.260000 2775.590000 2782.810000 2789.820000
2549.990000 2549.600000 2549.700000 2548.760000 2548.260000 2548.090000 2545.630000 2545.710000 2545.110000 2544.440000 2542.560000 2542.560000 2542.000000 2541.040000 2538.430000 2534.900000 2536.130000 2531.850000 2524.480000 2515.940000 2506.570000 2502.060000 2510.600000 2527.880000 2540.070000 2548.440000 2558.300000 2569.770000 2579.460000 2589.530000 2603.610000 2619.280000 2642.440000 2674.350000 2695.170000 2708.950000 2714.380000 2719.450000 2725.670000 2724.900000 2728.470000 2734.170000 2742.080000 2750.770000 2758.550000 2766.400000 2773.420000
2550.940000 2551.480000 2550.500000 2549.110000 2549.780000 2549.590000 2547.160000 2543.380000 2545.940000 2545.670000 2545.610000 2543.380000 2542.990000 2543.870000 2543.410000 2540.210000 2536.130000 2532.600000 2527.050000 2516.700000 2510.150000 2505.120000 2509.610000 2525.380000 2535.970000 2548.720000 2558.160000 2567.500000 2582.080000 2591.340000 2604.920000 2626.120000 2663.210000 2681.670000 2687.330000 2690.090000 2695.510000 2698.990000 2701.880000 2707.900000 2714.750000 2722.500000 2730.570000 2738.400000 2745.630000 2756.940000 2765.340000
2553.150000 2553.130000 2552.590000 2551.670000 2550.250000 2550.490000 2549.300000 2543.410000 2545.150000 2547.850000 2546.370000 2545.710000 2544.960000 2542.410000 2542.910000 2543.060000 2541.600000 2536.580000 2532.440000 2521.090000 2512.270000 2508.080000 2507.050000 2519.130000 2532.990000 2544.680000 2546.320000 2558.990000 2574.990000 2587.260000 2605.760000 2633.940000 2655.470000 2661.240000 2667.530000 2680.410000 2679.930000 2684.770000 2689.820000 2695.840000 2707.120000 2720.660000 2730.510000 2741.340000 2750.650000 2760.910000 2771.110000
2554.590000 2553.230000 2552.640000 2552.410000 2550.280000 2551.070000 2550.460000 2546.960000 2546.220000 2547.920000 2547.920000 2545.960000 2545.500000 2545.350000 2543.340000 2543.100000 2543.630000 2541.060000 2536.670000 2526.000000 2514.740000 2508.460000 2509.900000 2523.010000 2525.010000 2532.410000 2540.340000 2553.390000 2564.490000 2578.320000 2594.830000 2614.150000 2633.430000 2641.190000 2649.580000 2658.850000 2666.330000 2670.950000 2681.160000 2692.610000 2708.120000 2721.080000 2730.710000 2743.090000 2753.830000 2763.740000 2774.180000
2555.710000 2555.310000 2554.840000 2554.150000 2552.870000 2551.190000 2551.650000 2549.240000 2548.730000 2549.420000 2546.570000 2547.440000 2547.580000 2547.730000 2546.120000 2543.400000 2542.630000 2542.170000 2540.030000 2533.730000 2521.670000 2518.320000 2527.230000 2529.760000 2522.700000 2525.400000 2534.160000 2547.350000 2557.510000 2570.100000 2584.260000 2601.340000 2615.180000 2623.680000 2632.920000 2643.320000 2651.680000 2661.140000 2674.040000 2689.260000 2700.420000 2710.850000 2718.680000 2732.920000 2748.110000 2760.860000 2772.480000
2555.970000 2555.590000 2555.560000 2555.640000 2554.750000 2553.880000 2553.580000 2552.030000 2551.030000 2548.650000 2549.640000 2549.590000 2548.520000 2546.190000 2546.010000 2544.470000 2541.900000 2542.490000 2542.400000 2539.180000 2530.690000 2524.780000 2524.440000 2527.100000 2526.580000 2529.930000 2530.020000 2540.700000 2550.940000 2561.140000 2573.380000 2587.850000 2598.760000 2609.520000 2617.810000 2628.060000 2638.850000 2648.070000 2659.150000 2669.090000 2677.600000 2687.800000 2702.670000 2718.160000 2733.680000 2752.250000 2765.870000
2557.280000 2556.920000 2557.200000 2556.380000 2554.400000 2555.870000 2554.360000 2553.390000 2552.550000 2549.990000 2550.000000 2551.380000 2549.340000 2548.350000 2546.630000 2546.840000 2545.340000 2544.260000 2542.990000 2543.170000 2535.650000 2529.720000 2526.550000 2529.870000 2530.650000 2531.020000 2523.620000 2529.750000 2540.310000 2548.470000 2559.620000 2572.410000 2583.080000 2593.900000 2603.280000 2614.320000 2624.680000 2635.660000 2646.990000 2656.650000 2665.940000 2673.830000 2687.320000 2704.520000 2724.280000 2746.120000 2761.270000
2556.480000 2558.180000 2559.170000 2555.870000 2558.150000 2557.680000 2556.150000 2555.130000 2553.540000 2551.770000 2550.400000 2550.880000 2549.510000 2548.480000 2549.520000 2546.710000 2547.670000 2546.300000 2544.310000 2545.220000 2539.380000 2529.870000 2525.610000 2529.760000 2530.200000 2528.170000 2519.660000 2520.110000 2527.620000 2537.130000 2548.820000 2559.770000 2572.200000 2580.840000 2591.080000 2601.450000 2612.310000 2623.260000 2633.720000 2643.800000 2655.410000 2663.590000 2673.220000 2687.510000 2704.800000 2724.860000 2739.330000
2555.980000 2558.780000 2559.040000 2558.680000 2559.290000 2556.770000 2558.080000 2556.620000 2555.910000 2553.990000 2551.450000 2550.900000 2551.850000 2552.190000 2550.950000 2549.160000 2548.810000 2547.190000 2546.360000 2545.370000 2541.630000 2530.060000 2525.940000 2526.510000 2525.160000 2522.630000 2517.760000 2517.310000 2523.770000 2527.170000 2536.100000 2548.200000 2558.250000 2568.870000 2578.630000 2590.720000 2600.170000 2611.500000 2622.070000 2632.270000 2642.780000 2652.650000 2661.580000 2671.260000 2685.250000 2699.060000 2720.730000
2559.220000 2559.630000 2559.020000 2560.180000 2559.800000 2558.740000 2558.680000 2557.150000 2556.140000 2555.350000 2553.630000 2551.150000 2552.250000 2552.580000 2551.470000 2550.030000 2548.280000 2548.100000 2547.750000 2547.070000 2543.180000 2528.930000 2524.470000 2522.160000 2522.080000 2520.150000 2514.890000 2513.440000 2527.980000 2530.950000 2528.600000 2535.830000 2545.970000 2556.660000 2568.780000 2578.940000 2589.540000 2601.030000 2610.760000 2621.340000 2630.940000 2639.180000 2649.610000 2656.290000 2663.890000 2679.580000 2699.030000
2558.890000 2559.760000 2560.840000 2560.580000 2559.440000 2559.980000 2559.900000 2558.970000 2557.700000 2556.380000 2555.370000 2551.420000 2549.170000 2552.470000 2552.180000 2551.110000 2550.430000 2548.170000 2549.340000 2548.120000 2546.940000 2531.320000 2522.790000 2521.770000 2523.020000 2517.470000 2515.020000 2512.340000 2516.280000 2520.920000 2521.400000 2530.030000 2539.970000 2548.760000 2558.920000 2570.920000 2581.960000 2592.560000 2601.400000 2610.180000 2619.580000 2628.180000 2636.970000 2645.980000 2652.460000 2660.580000 2667.360000
